
Fila:  [([[1, 2, 3], ['b', 6, 4], [8, 7, 5]], 0, 3)]

Fechados:  [] 

	Melhor escolha:  [[1, 2, 3], ['b', 6, 4], [8, 7, 5]]  Heurística:  3 

		[['b', 2, 3], [1, 6, 4], [8, 7, 5]] adicionado à fila
		[[1, 2, 3], [8, 6, 4], ['b', 7, 5]] adicionado à fila
		[[1, 2, 3], [6, 'b', 4], [8, 7, 5]] adicionado à fila

Fila:  [([[1, 2, 3], [8, 6, 4], ['b', 7, 5]], 1, 3), ([[1, 2, 3], [6, 'b', 4], [8, 7, 5]], 1, 4), ([['b', 2, 3], [1, 6, 4], [8, 7, 5]], 1, 5)]

Fechados:  [([[1, 2, 3], ['b', 6, 4], [8, 7, 5]], 0, 3)] 

	Melhor escolha:  [[1, 2, 3], [8, 6, 4], ['b', 7, 5]]  Heurística:  3 

		[[1, 2, 3], [8, 6, 4], [7, 'b', 5]] adicionado à fila

Fila:  [([[1, 2, 3], [8, 6, 4], [7, 'b', 5]], 2, 3), ([[1, 2, 3], [6, 'b', 4], [8, 7, 5]], 1, 4), ([['b', 2, 3], [1, 6, 4], [8, 7, 5]], 1, 5)]

Fechados:  [([[1, 2, 3], ['b', 6, 4], [8, 7, 5]], 0, 3), ([[1, 2, 3], [8, 6, 4], ['b', 7, 5]], 1, 3)] 

	Melhor escolha:  [[1, 2, 3], [8, 6, 4], [7, 'b', 5]]  Heurística:  3 

		[[1, 2, 3], [8, 'b', 4], [7, 6, 5]] adicionado à fila
		[[1, 2, 3], [8, 6, 4], [7, 5, 'b']] adicionado à fila

Fila:  [([[1, 2, 3], [8, 'b', 4], [7, 6, 5]], 3, 3), ([[1, 2, 3], [6, 'b', 4], [8, 7, 5]], 1, 4), ([['b', 2, 3], [1, 6, 4], [8, 7, 5]], 1, 5), ([[1, 2, 3], [8, 6, 4], [7, 5, 'b']], 3, 5)]

Fechados:  [([[1, 2, 3], ['b', 6, 4], [8, 7, 5]], 0, 3), ([[1, 2, 3], [8, 6, 4], ['b', 7, 5]], 1, 3), ([[1, 2, 3], [8, 6, 4], [7, 'b', 5]], 2, 3)] 

	Melhor escolha:  [[1, 2, 3], [8, 'b', 4], [7, 6, 5]]  Heurística:  3 

Solução encontrada:
[1, 2, 3]
[8, 'b', 4]
[7, 6, 5]
